0 512 0 0.000 0
1 512 8 0.016 1
2 512 8 0.016 1
3 512 8 0.016 1
4 512 8 0.016 1
5 512 117 0.229 2
6 512 117 0.229 2
7 512 347 0.678 3
8 512 347 0.678 3
9 512 347 0.678 3
10 512 347 0.678 3
11 512 347 0.678 3
12 512 347 0.678 3
13 512 347 0.678 3
14 512 347 0.678 3
15 512 347 0.678 3
16 512 347 0.678 3
17 512 347 0.678 3
18 512 347 0.678 3
19 512 347 0.678 3
20 512 491 0.959 4
21 512 491 0.959 4
22 512 491 0.959 4
23 512 491 0.959 4
24 512 491 0.959 4
25 512 491 0.959 4
26 512 491 0.959 4
27 512 491 0.959 4
28 512 491 0.959 4
29 512 491 0.959 4
30 512 491 0.959 4
31 512 491 0.959 4
32 512 491 0.959 4
33 512 491 0.959 4
34 512 491 0.959 4
35 512 491 0.959 4
36 512 491 0.959 4
37 512 491 0.959 4
38 512 491 0.959 4
39 512 491 0.959 4
40 512 491 0.959 4
41 512 491 0.959 4
42 512 491 0.959 4
43 512 491 0.959 4
44 512 491 0.959 4
45 512 491 0.959 4
46 512 491 0.959 4
47 512 491 0.959 4
48 512 491 0.959 4
49 512 491 0.959 4
50 512 491 0.959 4
51 512 491 0.959 4
52 512 491 0.959 4
53 512 491 0.959 4
54 512 491 0.959 4
55 512 491 0.959 4
56 512 491 0.959 4
57 512 491 0.959 4
58 512 491 0.959 4
59 512 491 0.959 4
60 512 491 0.959 4
61 512 491 0.959 4
62 512 491 0.959 4
63 512 491 0.959 4
64 512 491 0.959 4
65 512 491 0.959 4
66 512 491 0.959 4
67 512 491 0.959 4
68 512 491 0.959 4
69 512 491 0.959 4
70 512 491 0.959 4
71 512 491 0.959 4
72 512 491 0.959 4
73 512 491 0.959 4
74 512 491 0.959 4
75 512 491 0.959 4
76 512 491 0.959 4
77 512 491 0.959 4
78 512 491 0.959 4
79 512 491 0.959 4
80 512 494 0.965 6
81 512 494 0.965 6
82 512 494 0.965 6
83 512 494 0.965 6
84 512 494 0.965 6
85 512 494 0.965 6
86 512 494 0.965 6
87 512 494 0.965 6
88 512 494 0.965 6
89 512 494 0.965 6
90 512 494 0.965 6
91 512 494 0.965 6
92 512 494 0.965 6
93 512 494 0.965 6
94 512 494 0.965 6
95 512 494 0.965 6
96 512 494 0.965 6
97 512 494 0.965 6
98 512 494 0.965 6
99 512 494 0.965 6
100 512 494 0.965 6
101 512 494 0.965 6
102 512 512 1.000 6
103 512 512 1.000 6
104 512 512 1.000 6
105 512 512 1.000 6
106 512 512 1.000 6
107 512 512 1.000 6
108 512 512 1.000 6
109 512 512 1.000 6
110 512 512 1.000 6
111 512 512 1.000 6
112 512 512 1.000 6
113 512 512 1.000 6
114 512 512 1.000 6
115 512 512 1.000 6
116 512 512 1.000 6
117 512 512 1.000 6
118 512 512 1.000 6
119 512 512 1.000 6
120 512 512 1.000 6
121 512 512 1.000 6
122 512 512 1.000 6
123 512 512 1.000 6
124 512 512 1.000 6
125 512 512 1.000 6
126 512 512 1.000 6
127 512 512 1.000 6
128 512 512 1.000 6
129 512 512 1.000 6
130 512 512 1.000 6
131 512 512 1.000 6
132 512 512 1.000 6
133 512 482 0.941 6
134 512 482 0.941 6
135 512 482 0.941 6
136 512 482 0.941 6
137 512 482 0.941 6
138 512 482 0.941 6
139 512 461 0.900 5
140 512 461 0.900 5
141 512 461 0.900 5
142 512 461 0.900 5
143 512 461 0.900 5
144 512 461 0.900 5
145 512 461 0.900 5
146 512 461 0.900 5
147 512 461 0.900 5
148 512 461 0.900 5
149 512 461 0.900 5
150 512 461 0.900 5
151 512 461 0.900 5
152 512 461 0.900 5
153 512 503 0.982 5
154 512 503 0.982 5
155 512 503 0.982 5
156 512 503 0.982 5
157 512 503 0.982 5
158 512 503 0.982 5
159 512 503 0.982 5
160 512 503 0.982 5
161 512 503 0.982 5
162 512 503 0.982 5
163 512 503 0.982 5
164 512 503 0.982 5
165 512 503 0.982 5
166 512 503 0.982 5
167 512 503 0.982 5
168 512 503 0.982 5
169 512 503 0.982 5
170 512 499 0.975 5
171 512 499 0.975 5
172 512 499 0.975 5
173 512 499 0.975 5
174 512 499 0.975 5
175 512 490 0.957 5
176 512 490 0.957 5
177 512 490 0.957 5
178 512 490 0.957 5
179 512 490 0.957 5
180 512 490 0.957 5
181 512 490 0.957 5
182 512 490 0.957 5
183 512 490 0.957 5
184 512 490 0.957 5
185 512 490 0.957 5
186 512 490 0.957 5
187 512 490 0.957 5
188 512 490 0.957 5
189 512 490 0.957 5
190 512 490 0.957 5
191 512 490 0.957 5
192 512 490 0.957 5
193 512 500 0.977 5
194 512 500 0.977 5
195 512 500 0.977 5
196 512 500 0.977 5
197 512 500 0.977 5
198 512 500 0.977 5
199 512 500 0.977 5
200 512 500 0.977 5
201 512 500 0.977 5
202 512 500 0.977 5
203 512 500 0.977 5
204 512 500 0.977 5
205 512 500 0.977 5
206 512 500 0.977 5
207 512 500 0.977 5
208 512 500 0.977 5
209 512 500 0.977 5
210 512 500 0.977 5
211 512 500 0.977 5
212 512 500 0.977 5
213 512 500 0.977 5
214 512 500 0.977 5
215 512 500 0.977 5
216 512 500 0.977 5
217 512 500 0.977 5
218 512 500 0.977 5
219 512 500 0.977 5
220 512 500 0.977 5
221 512 500 0.977 5
222 512 500 0.977 5
223 512 500 0.977 5
224 512 500 0.977 5
225 512 500 0.977 5
226 512 500 0.977 5
227 512 500 0.977 5
228 512 500 0.977 5
229 512 500 0.977 5
230 512 500 0.977 5
231 512 500 0.977 5
232 512 500 0.977 5
233 512 500 0.977 5
234 512 500 0.977 5
235 512 500 0.977 5
236 512 500 0.977 5
237 512 500 0.977 5
238 512 500 0.977 5
239 512 500 0.977 5
240 512 500 0.977 5
241 512 500 0.977 5
242 512 500 0.977 5
243 512 500 0.977 5
244 512 500 0.977 5
245 512 500 0.977 5
246 512 500 0.977 5
247 512 500 0.977 5
248 512 500 0.977 5
249 512 500 0.977 5
250 512 500 0.977 5
251 512 500 0.977 5
252 512 500 0.977 5
253 512 500 0.977 5
254 512 500 0.977 5
255 512 500 0.977 5
256 512 500 0.977 5
257 512 500 0.977 5
258 512 500 0.977 5
259 512 500 0.977 5
260 512 500 0.977 5
261 512 500 0.977 5
262 512 500 0.977 5
263 512 500 0.977 5
264 512 500 0.977 5
265 512 500 0.977 5
266 512 500 0.977 5
267 512 500 0.977 5
268 512 500 0.977 5
269 512 500 0.977 5
270 512 500 0.977 5
271 512 500 0.977 5
272 512 500 0.977 5
273 512 500 0.977 5
274 512 500 0.977 5
275 512 500 0.977 5
276 512 500 0.977 5
277 512 500 0.977 5
278 512 500 0.977 5
279 512 500 0.977 5
280 512 500 0.977 5
281 512 500 0.977 5
282 512 500 0.977 5
283 512 474 0.926 4
284 512 426 0.832 3
285 512 426 0.832 3
286 512 426 0.832 3
287 512 426 0.832 3
288 512 426 0.832 3
289 512 426 0.832 3
290 512 426 0.832 3
291 512 426 0.832 3
292 512 426 0.832 3
293 512 426 0.832 3
294 512 426 0.832 3
295 512 426 0.832 3
296 512 326 0.637 2
297 512 509 0.994 3
298 512 509 0.994 3
299 512 509 0.994 3
300 512 509 0.994 3
301 512 509 0.994 3
302 512 509 0.994 3
303 512 509 0.994 3
304 512 509 0.994 3
305 512 509 0.994 3
306 512 509 0.994 3
307 512 509 0.994 3
308 512 509 0.994 3
309 512 509 0.994 3
310 512 509 0.994 3
311 512 509 0.994 3
312 512 509 0.994 3
313 512 509 0.994 3
314 512 509 0.994 3
315 512 509 0.994 3
316 512 509 0.994 3
317 512 509 0.994 3
318 512 509 0.994 3
319 512 509 0.994 3
320 512 509 0.994 3
321 512 509 0.994 3
322 512 509 0.994 3
323 512 509 0.994 3
324 512 509 0.994 3
325 512 509 0.994 3
326 512 509 0.994 3
327 512 509 0.994 3
328 512 509 0.994 3
329 512 509 0.994 3
330 512 509 0.994 3
331 512 509 0.994 3
332 512 509 0.994 3
333 512 509 0.994 3
334 512 509 0.994 3
335 512 509 0.994 3
336 512 509 0.994 3
337 512 509 0.994 3
338 512 509 0.994 3
339 512 509 0.994 3
340 512 509 0.994 3
341 512 509 0.994 3
342 512 509 0.994 3
343 512 509 0.994 3
344 512 509 0.994 3
345 512 509 0.994 3
346 512 509 0.994 3
347 512 509 0.994 3
348 512 509 0.994 3
349 512 509 0.994 3
350 512 509 0.994 3
351 512 509 0.994 3
352 512 509 0.994 3
353 512 509 0.994 3
354 512 509 0.994 3
355 512 509 0.994 3
356 512 509 0.994 3
357 512 509 0.994 3
358 512 509 0.994 3
359 512 509 0.994 3
360 512 509 0.994 3
361 512 509 0.994 3
362 512 509 0.994 3
363 512 509 0.994 3
364 512 509 0.994 3
365 512 509 0.994 3
366 512 509 0.994 3
367 512 509 0.994 3
368 512 509 0.994 3
369 512 509 0.994 3
370 512 509 0.994 3
371 512 509 0.994 3
372 512 509 0.994 3
373 512 509 0.994 3
374 512 509 0.994 3
375 512 509 0.994 3
376 512 509 0.994 3
377 512 509 0.994 3
378 512 509 0.994 3
379 512 509 0.994 3
380 512 509 0.994 3
381 512 509 0.994 3
382 512 509 0.994 3
383 512 509 0.994 3
384 512 509 0.994 3
385 512 509 0.994 3
386 512 509 0.994 3
387 512 509 0.994 3
388 512 509 0.994 3
389 512 509 0.994 3
390 512 509 0.994 3
391 512 509 0.994 3
392 512 509 0.994 3
393 512 509 0.994 3
394 512 509 0.994 3
395 512 509 0.994 3
396 512 509 0.994 3
397 512 509 0.994 3
398 512 283 0.553 2
399 512 411 0.803 3
400 512 411 0.803 3
401 512 411 0.803 3
402 512 411 0.803 3
403 512 411 0.803 3
404 512 411 0.803 3
405 512 411 0.803 3
406 512 411 0.803 3
407 512 411 0.803 3
408 512 411 0.803 3
409 512 411 0.803 3
410 512 411 0.803 3
411 512 411 0.803 3
412 512 411 0.803 3
413 512 411 0.803 3
414 512 411 0.803 3
415 512 411 0.803 3
416 512 411 0.803 3
417 512 411 0.803 3
418 512 411 0.803 3
419 512 411 0.803 3
420 512 411 0.803 3
421 512 411 0.803 3
422 512 411 0.803 3
423 512 411 0.803 3
424 512 411 0.803 3
425 512 411 0.803 3
426 512 411 0.803 3
427 512 411 0.803 3
428 512 411 0.803 3
429 512 411 0.803 3
430 512 411 0.803 3
431 512 411 0.803 3
432 512 411 0.803 3
433 512 411 0.803 3
434 512 411 0.803 3
435 512 411 0.803 3
436 512 411 0.803 3
437 512 411 0.803 3
438 512 411 0.803 3
439 512 411 0.803 3
440 512 411 0.803 3
441 512 411 0.803 3
442 512 411 0.803 3
443 512 411 0.803 3
444 512 411 0.803 3
445 512 411 0.803 3
446 512 411 0.803 3
447 512 411 0.803 3
448 512 321 0.627 2
449 512 478 0.934 3
450 512 478 0.934 3
451 512 478 0.934 3
452 512 478 0.934 3
453 512 478 0.934 3
454 512 478 0.934 3
455 512 478 0.934 3
456 512 478 0.934 3
457 512 478 0.934 3
458 512 478 0.934 3
459 512 478 0.934 3
460 512 478 0.934 3
461 512 478 0.934 3
462 512 478 0.934 3
463 512 478 0.934 3
464 512 478 0.934 3
465 512 478 0.934 3
466 512 478 0.934 3
467 512 478 0.934 3
468 512 478 0.934 3
469 512 478 0.934 3
470 512 478 0.934 3
471 512 478 0.934 3
472 512 478 0.934 3
473 512 478 0.934 3
474 512 350 0.684 2
475 512 350 0.684 2
476 512 350 0.684 2
477 512 350 0.684 2
478 512 350 0.684 2
479 512 350 0.684 2
480 512 350 0.684 2
481 512 350 0.684 2
482 512 350 0.684 2
483 512 350 0.684 2
484 512 350 0.684 2
485 512 350 0.684 2
486 512 350 0.684 2
487 512 350 0.684 2
488 512 350 0.684 2
489 512 350 0.684 2
490 512 350 0.684 2
491 512 350 0.684 2
492 512 350 0.684 2
493 512 350 0.684 2
494 512 350 0.684 2
495 512 350 0.684 2
496 512 350 0.684 2
497 512 350 0.684 2
498 512 350 0.684 2
499 512 350 0.684 2
500 512 350 0.684 2
501 512 350 0.684 2
502 512 350 0.684 2
503 512 350 0.684 2
504 512 350 0.684 2
505 512 350 0.684 2
506 512 350 0.684 2
507 512 350 0.684 2
508 512 350 0.684 2
509 512 350 0.684 2
510 512 350 0.684 2
511 512 350 0.684 2
512 512 350 0.684 2
513 512 350 0.684 2
514 512 350 0.684 2
515 512 350 0.684 2
516 512 350 0.684 2
517 512 350 0.684 2
518 512 350 0.684 2
519 512 350 0.684 2
520 512 350 0.684 2
521 512 350 0.684 2
522 512 350 0.684 2
523 512 350 0.684 2
524 512 350 0.684 2
525 512 350 0.684 2
526 512 350 0.684 2
527 512 350 0.684 2
528 512 350 0.684 2
529 512 350 0.684 2
530 512 350 0.684 2
531 512 350 0.684 2
532 512 350 0.684 2
533 512 350 0.684 2
534 512 350 0.684 2
535 512 350 0.684 2
536 512 350 0.684 2
537 512 350 0.684 2
538 512 350 0.684 2
539 512 350 0.684 2
540 512 350 0.684 2
541 512 350 0.684 2
542 512 350 0.684 2
543 512 350 0.684 2
544 512 350 0.684 2
545 512 350 0.684 2
546 512 350 0.684 2
547 512 350 0.684 2
548 512 350 0.684 2
549 512 350 0.684 2
550 512 350 0.684 2
551 512 350 0.684 2
552 512 350 0.684 2
553 512 350 0.684 2
554 512 350 0.684 2
555 512 350 0.684 2
556 512 350 0.684 2
557 512 350 0.684 2
558 512 350 0.684 2
559 512 350 0.684 2
560 512 350 0.684 2
561 512 350 0.684 2
562 512 350 0.684 2
563 512 350 0.684 2
564 512 350 0.684 2
565 512 350 0.684 2
566 512 350 0.684 2
567 512 350 0.684 2
568 512 350 0.684 2
569 512 350 0.684 2
570 512 350 0.684 2
571 512 350 0.684 2
572 512 350 0.684 2
573 512 350 0.684 2
574 512 350 0.684 2
575 512 350 0.684 2
576 512 350 0.684 2
577 512 350 0.684 2
578 512 350 0.684 2
579 512 350 0.684 2
580 512 350 0.684 2
581 512 350 0.684 2
582 512 350 0.684 2
583 512 350 0.684 2
584 512 350 0.684 2
585 512 350 0.684 2
586 512 350 0.684 2
587 512 350 0.684 2
588 512 350 0.684 2
589 512 350 0.684 2
590 512 350 0.684 2
591 512 350 0.684 2
592 512 350 0.684 2
593 512 350 0.684 2
594 512 350 0.684 2
595 512 350 0.684 2
596 512 167 0.326 1
597 512 411 0.803 2
598 512 411 0.803 2
599 512 411 0.803 2
600 512 411 0.803 2
601 512 411 0.803 2
602 512 411 0.803 2
603 512 411 0.803 2
604 512 411 0.803 2
605 512 411 0.803 2
606 512 411 0.803 2
607 512 411 0.803 2
608 512 411 0.803 2
609 512 411 0.803 2
610 512 411 0.803 2
611 512 411 0.803 2
612 512 411 0.803 2
613 512 411 0.803 2
614 512 411 0.803 2
615 512 411 0.803 2
616 512 411 0.803 2
617 512 411 0.803 2
618 512 411 0.803 2
619 512 411 0.803 2
620 512 411 0.803 2
621 512 411 0.803 2
622 512 411 0.803 2
623 512 411 0.803 2
624 512 411 0.803 2
625 512 411 0.803 2
626 512 411 0.803 2
627 512 411 0.803 2
628 512 411 0.803 2
629 512 411 0.803 2
630 512 411 0.803 2
631 512 411 0.803 2
632 512 411 0.803 2
633 512 411 0.803 2
634 512 411 0.803 2
635 512 411 0.803 2
636 512 411 0.803 2
637 512 411 0.803 2
638 512 411 0.803 2
639 512 411 0.803 2
640 512 411 0.803 2
641 512 411 0.803 2
642 512 411 0.803 2
643 512 411 0.803 2
644 512 411 0.803 2
645 512 411 0.803 2
646 512 411 0.803 2
647 512 411 0.803 2
648 512 411 0.803 2
649 512 411 0.803 2
650 512 411 0.803 2
651 512 411 0.803 2
652 512 411 0.803 2
653 512 411 0.803 2
654 512 411 0.803 2
655 512 411 0.803 2
656 512 411 0.803 2
657 512 411 0.803 2
658 512 411 0.803 2
659 512 411 0.803 2
660 512 411 0.803 2
661 512 411 0.803 2
662 512 411 0.803 2
663 512 411 0.803 2
664 512 411 0.803 2
665 512 411 0.803 2
666 512 411 0.803 2
667 512 411 0.803 2
668 512 411 0.803 2
669 512 411 0.803 2
670 512 411 0.803 2
671 512 411 0.803 2
672 512 411 0.803 2
673 512 411 0.803 2
674 512 411 0.803 2
675 512 411 0.803 2
676 512 411 0.803 2
677 512 411 0.803 2
678 512 411 0.803 2
679 512 411 0.803 2
680 512 411 0.803 2
681 512 411 0.803 2
682 512 411 0.803 2
683 512 411 0.803 2
684 512 411 0.803 2
685 512 411 0.803 2
686 512 411 0.803 2
687 512 411 0.803 2
688 512 411 0.803 2
689 512 411 0.803 2
690 512 411 0.803 2
691 512 411 0.803 2
692 512 411 0.803 2
693 512 411 0.803 2
694 512 411 0.803 2
695 512 411 0.803 2
696 512 411 0.803 2
697 512 411 0.803 2
698 512 411 0.803 2
699 512 411 0.803 2
700 512 411 0.803 2
701 512 411 0.803 2
702 512 411 0.803 2
703 512 411 0.803 2
704 512 411 0.803 2
705 512 411 0.803 2
706 512 411 0.803 2
707 512 411 0.803 2
708 512 411 0.803 2
709 512 411 0.803 2
710 512 411 0.803 2
711 512 411 0.803 2
712 512 411 0.803 2
713 512 167 0.326 1
714 512 406 0.793 2
715 512 406 0.793 2
716 512 406 0.793 2
717 512 406 0.793 2
718 512 406 0.793 2
719 512 406 0.793 2
720 512 406 0.793 2
721 512 406 0.793 2
722 512 406 0.793 2
723 512 406 0.793 2
724 512 406 0.793 2
725 512 406 0.793 2
726 512 249 0.486 1
727 512 479 0.936 2
728 512 479 0.936 2
729 512 479 0.936 2
730 512 479 0.936 2
731 512 479 0.936 2
732 512 479 0.936 2
733 512 479 0.936 2
734 512 479 0.936 2
735 512 479 0.936 2
736 512 479 0.936 2
737 512 479 0.936 2
738 512 479 0.936 2
739 512 479 0.936 2
740 512 479 0.936 2
741 512 479 0.936 2
742 512 479 0.936 2
743 512 479 0.936 2
744 512 479 0.936 2
745 512 479 0.936 2
746 512 479 0.936 2
747 512 479 0.936 2
748 512 479 0.936 2
749 512 479 0.936 2
750 512 479 0.936 2
751 512 479 0.936 2
752 512 479 0.936 2
753 512 479 0.936 2
754 512 479 0.936 2
755 512 479 0.936 2
756 512 479 0.936 2
757 512 479 0.936 2
758 512 479 0.936 2
759 512 479 0.936 2
760 512 479 0.936 2
761 512 479 0.936 2
762 512 479 0.936 2
763 512 479 0.936 2
764 512 479 0.936 2
765 512 479 0.936 2
766 512 479 0.936 2
767 512 479 0.936 2
768 512 479 0.936 2
769 512 479 0.936 2
770 512 479 0.936 2
771 512 479 0.936 2
772 512 479 0.936 2
773 512 479 0.936 2
774 512 479 0.936 2
775 512 479 0.936 2
776 512 479 0.936 2
777 512 479 0.936 2
778 512 479 0.936 2
779 512 479 0.936 2
780 512 479 0.936 2
781 512 479 0.936 2
782 512 479 0.936 2
783 512 479 0.936 2
784 512 479 0.936 2
785 512 479 0.936 2
786 512 479 0.936 2
787 512 479 0.936 2
788 512 479 0.936 2
789 512 479 0.936 2
790 512 479 0.936 2
791 512 479 0.936 2
792 512 479 0.936 2
793 512 479 0.936 2
794 512 479 0.936 2
795 512 479 0.936 2
796 512 479 0.936 2
797 512 479 0.936 2
798 512 479 0.936 2
799 512 479 0.936 2
800 512 479 0.936 2
801 512 479 0.936 2
802 512 479 0.936 2
803 512 479 0.936 2
804 512 479 0.936 2
805 512 479 0.936 2
806 512 479 0.936 2
807 512 479 0.936 2
808 512 479 0.936 2
809 512 479 0.936 2
810 512 479 0.936 2
811 512 479 0.936 2
812 512 479 0.936 2
813 512 479 0.936 2
814 512 479 0.936 2
815 512 479 0.936 2
816 512 479 0.936 2
817 512 479 0.936 2
818 512 479 0.936 2
819 512 479 0.936 2
820 512 479 0.936 2
821 512 479 0.936 2
822 512 479 0.936 2
823 512 479 0.936 2
824 512 479 0.936 2
825 512 479 0.936 2
826 512 479 0.936 2
827 512 479 0.936 2
828 512 479 0.936 2
829 512 479 0.936 2
830 512 479 0.936 2
831 512 479 0.936 2
832 512 479 0.936 2
833 512 479 0.936 2
834 512 479 0.936 2
835 512 479 0.936 2
836 512 479 0.936 2
837 512 479 0.936 2
838 512 479 0.936 2
839 512 479 0.936 2
840 512 479 0.936 2
841 512 479 0.936 2
842 512 479 0.936 2
843 512 479 0.936 2
844 512 479 0.936 2
845 512 479 0.936 2
846 512 479 0.936 2
847 512 479 0.936 2
848 512 479 0.936 2
849 512 479 0.936 2
850 512 479 0.936 2
851 512 479 0.936 2
852 512 479 0.936 2
853 512 479 0.936 2
854 512 479 0.936 2
855 512 479 0.936 2
856 512 479 0.936 2
857 512 479 0.936 2
858 512 479 0.936 2
859 512 479 0.936 2
860 512 479 0.936 2
861 512 479 0.936 2
862 512 479 0.936 2
863 512 479 0.936 2
864 512 479 0.936 2
865 512 479 0.936 2
866 512 479 0.936 2
867 512 479 0.936 2
868 512 479 0.936 2
869 512 479 0.936 2
870 512 479 0.936 2
871 512 479 0.936 2
872 512 479 0.936 2
873 512 479 0.936 2
874 512 479 0.936 2
875 512 479 0.936 2
876 512 479 0.936 2
877 512 479 0.936 2
878 512 479 0.936 2
879 512 479 0.936 2
880 512 479 0.936 2
881 512 479 0.936 2
882 512 479 0.936 2
883 512 479 0.936 2
884 512 479 0.936 2
885 512 479 0.936 2
886 512 479 0.936 2
887 512 479 0.936 2
888 512 479 0.936 2
889 512 479 0.936 2
890 512 479 0.936 2
891 512 479 0.936 2
892 512 479 0.936 2
893 512 479 0.936 2
894 512 479 0.936 2
895 512 479 0.936 2
896 512 479 0.936 2
897 512 479 0.936 2
898 512 479 0.936 2
899 512 479 0.936 2
900 512 479 0.936 2
901 512 479 0.936 2
902 512 479 0.936 2
903 512 479 0.936 2
904 512 479 0.936 2
905 512 479 0.936 2
906 512 479 0.936 2
907 512 479 0.936 2
908 512 479 0.936 2
909 512 479 0.936 2
910 512 479 0.936 2
911 512 479 0.936 2
912 512 479 0.936 2
913 512 479 0.936 2
914 512 479 0.936 2
915 512 479 0.936 2
916 512 479 0.936 2
917 512 479 0.936 2
918 512 479 0.936 2
919 512 479 0.936 2
920 512 479 0.936 2
921 512 479 0.936 2
922 512 479 0.936 2
923 512 479 0.936 2
924 512 479 0.936 2
925 512 479 0.936 2
926 512 479 0.936 2
927 512 479 0.936 2
928 512 479 0.936 2
929 512 479 0.936 2
930 512 479 0.936 2
931 512 479 0.936 2
932 512 479 0.936 2
933 512 479 0.936 2
934 512 479 0.936 2
935 512 479 0.936 2
936 512 479 0.936 2
937 512 240 0.469 1
938 512 495 0.967 2
939 512 495 0.967 2
940 512 495 0.967 2
941 512 495 0.967 2
942 512 495 0.967 2
943 512 495 0.967 2
944 512 495 0.967 2
945 512 495 0.967 2
946 512 495 0.967 2
947 512 495 0.967 2
948 512 495 0.967 2
949 512 495 0.967 2
950 512 495 0.967 2
951 512 495 0.967 2
952 512 495 0.967 2
953 512 495 0.967 2
954 512 495 0.967 2
955 512 495 0.967 2
956 512 495 0.967 2
957 512 495 0.967 2
958 512 495 0.967 2
959 512 495 0.967 2
960 512 495 0.967 2
961 512 495 0.967 2
962 512 495 0.967 2
963 512 495 0.967 2
964 512 495 0.967 2
965 512 495 0.967 2
966 512 495 0.967 2
967 512 495 0.967 2
968 512 495 0.967 2
969 512 495 0.967 2
970 512 495 0.967 2
971 512 495 0.967 2
972 512 495 0.967 2
973 512 495 0.967 2
974 512 495 0.967 2
975 512 495 0.967 2
976 512 495 0.967 2
977 512 495 0.967 2
978 512 495 0.967 2
979 512 495 0.967 2
980 512 495 0.967 2
981 512 495 0.967 2
982 512 495 0.967 2
983 512 495 0.967 2
984 512 495 0.967 2
985 512 495 0.967 2
986 512 495 0.967 2
987 512 495 0.967 2
988 512 495 0.967 2
989 512 495 0.967 2
990 512 495 0.967 2
991 512 495 0.967 2
992 512 495 0.967 2
993 512 495 0.967 2
994 512 495 0.967 2
995 512 495 0.967 2
996 512 495 0.967 2
997 512 495 0.967 2
998 512 495 0.967 2
999 512 495 0.967 2
1000 512 495 0.967 2
1001 512 495 0.967 2
1002 512 495 0.967 2
1003 512 495 0.967 2
1004 512 495 0.967 2
1005 512 495 0.967 2
1006 512 495 0.967 2
1007 512 495 0.967 2
1008 512 265 0.518 1
1009 512 510 0.996 2
1010 512 510 0.996 2
1011 512 510 0.996 2
1012 512 510 0.996 2
1013 512 510 0.996 2
1014 512 510 0.996 2
1015 512 510 0.996 2
1016 512 510 0.996 2
1017 512 510 0.996 2
1018 512 510 0.996 2
1019 512 510 0.996 2
1020 512 510 0.996 2
1021 512 510 0.996 2
1022 512 510 0.996 2
1023 512 510 0.996 2
1024 512 510 0.996 2
1025 512 510 0.996 2
1026 512 510 0.996 2
1027 512 510 0.996 2
1028 512 510 0.996 2
1029 512 510 0.996 2
1030 512 510 0.996 2
1031 512 510 0.996 2
1032 512 510 0.996 2
1033 512 510 0.996 2
1034 512 510 0.996 2
1035 512 510 0.996 2
1036 512 510 0.996 2
1037 512 510 0.996 2
1038 512 510 0.996 2
1039 512 510 0.996 2
1040 512 510 0.996 2
1041 512 510 0.996 2
1042 512 510 0.996 2
1043 512 510 0.996 2
1044 512 510 0.996 2
1045 512 510 0.996 2
1046 512 510 0.996 2
1047 512 510 0.996 2
1048 512 510 0.996 2
1049 512 510 0.996 2
1050 512 510 0.996 2
1051 512 510 0.996 2
1052 512 510 0.996 2
1053 512 510 0.996 2
1054 512 510 0.996 2
1055 512 510 0.996 2
1056 512 510 0.996 2
1057 512 510 0.996 2
1058 512 510 0.996 2
1059 512 510 0.996 2
1060 512 510 0.996 2
1061 512 510 0.996 2
1062 512 510 0.996 2
1063 512 510 0.996 2
1064 512 510 0.996 2
1065 512 510 0.996 2
1066 512 510 0.996 2
1067 512 510 0.996 2
1068 512 510 0.996 2
1069 512 510 0.996 2
1070 512 510 0.996 2
1071 512 510 0.996 2
1072 512 510 0.996 2
1073 512 510 0.996 2
1074 512 510 0.996 2
1075 512 510 0.996 2
1076 512 510 0.996 2
1077 512 510 0.996 2
1078 512 510 0.996 2
1079 512 510 0.996 2
1080 512 510 0.996 2
1081 512 510 0.996 2
1082 512 510 0.996 2
1083 512 510 0.996 2
1084 512 510 0.996 2
1085 512 510 0.996 2
1086 512 510 0.996 2
1087 512 510 0.996 2
1088 512 510 0.996 2
1089 512 510 0.996 2
1090 512 510 0.996 2
1091 512 510 0.996 2
1092 512 510 0.996 2
1093 512 510 0.996 2
1094 512 510 0.996 2
1095 512 510 0.996 2
1096 512 510 0.996 2
1097 512 510 0.996 2
1098 512 510 0.996 2
1099 512 510 0.996 2
1100 512 510 0.996 2
1101 512 510 0.996 2
1102 512 510 0.996 2
1103 512 510 0.996 2
1104 512 510 0.996 2
1105 512 510 0.996 2
1106 512 510 0.996 2
1107 512 510 0.996 2
1108 512 510 0.996 2
1109 512 510 0.996 2
1110 512 510 0.996 2
1111 512 510 0.996 2
1112 512 510 0.996 2
1113 512 510 0.996 2
1114 512 510 0.996 2
1115 512 510 0.996 2
1116 512 510 0.996 2
1117 512 510 0.996 2
1118 512 510 0.996 2
1119 512 510 0.996 2
1120 512 510 0.996 2
1121 512 510 0.996 2
1122 512 510 0.996 2
1123 512 510 0.996 2
1124 512 510 0.996 2
1125 512 510 0.996 2
1126 512 510 0.996 2
1127 512 510 0.996 2
1128 512 510 0.996 2
1129 512 510 0.996 2
1130 512 510 0.996 2
1131 512 510 0.996 2
1132 512 510 0.996 2
1133 512 510 0.996 2
1134 512 510 0.996 2
1135 512 510 0.996 2
1136 512 510 0.996 2
1137 512 510 0.996 2
1138 512 510 0.996 2
1139 512 510 0.996 2
1140 512 510 0.996 2
1141 512 510 0.996 2
1142 512 510 0.996 2
1143 512 510 0.996 2
1144 512 510 0.996 2
1145 512 510 0.996 2
1146 512 510 0.996 2
1147 512 510 0.996 2
1148 512 510 0.996 2
1149 512 510 0.996 2
1150 512 510 0.996 2
1151 512 510 0.996 2
1152 512 510 0.996 2
1153 512 510 0.996 2
1154 512 510 0.996 2
1155 512 510 0.996 2
1156 512 510 0.996 2
1157 512 510 0.996 2
1158 512 510 0.996 2
1159 512 510 0.996 2
1160 512 510 0.996 2
1161 512 510 0.996 2
1162 512 510 0.996 2
1163 512 510 0.996 2
1164 512 510 0.996 2
1165 512 510 0.996 2
1166 512 510 0.996 2
1167 512 510 0.996 2
1168 512 510 0.996 2
1169 512 510 0.996 2
1170 512 510 0.996 2
1171 512 510 0.996 2
1172 512 510 0.996 2
1173 512 510 0.996 2
1174 512 510 0.996 2
1175 512 510 0.996 2
1176 512 510 0.996 2
1177 512 510 0.996 2
1178 512 510 0.996 2
1179 512 510 0.996 2
1180 512 510 0.996 2
1181 512 510 0.996 2
1182 512 510 0.996 2
1183 512 510 0.996 2
1184 512 510 0.996 2
1185 512 510 0.996 2
1186 512 510 0.996 2
1187 512 510 0.996 2
1188 512 510 0.996 2
1189 512 510 0.996 2
1190 512 510 0.996 2
1191 512 510 0.996 2
1192 512 510 0.996 2
1193 512 510 0.996 2
1194 512 510 0.996 2
1195 512 510 0.996 2
1196 512 510 0.996 2
1197 512 510 0.996 2
1198 512 510 0.996 2
1199 512 510 0.996 2
1200 512 510 0.996 2
1201 512 510 0.996 2
1202 512 510 0.996 2
1203 512 510 0.996 2
1204 512 255 0.498 1
1205 512 255 0.498 1
1206 512 255 0.498 1
1207 512 255 0.498 1
1208 512 255 0.498 1
1209 512 255 0.498 1
1210 512 255 0.498 1
1211 512 255 0.498 1
1212 512 255 0.498 1
1213 512 255 0.498 1
1214 512 255 0.498 1
1215 512 255 0.498 1
1216 512 255 0.498 1
1217 512 255 0.498 1
1218 512 255 0.498 1
1219 512 255 0.498 1
1220 512 255 0.498 1
1221 512 255 0.498 1
1222 512 255 0.498 1
1223 512 255 0.498 1
1224 512 255 0.498 1
1225 512 255 0.498 1
1226 512 255 0.498 1
1227 512 255 0.498 1
1228 512 255 0.498 1
1229 512 255 0.498 1
1230 512 255 0.498 1
1231 512 255 0.498 1
1232 512 255 0.498 1
1233 512 255 0.498 1
1234 512 255 0.498 1
1235 512 255 0.498 1
1236 512 255 0.498 1
1237 512 255 0.498 1
1238 512 255 0.498 1
1239 512 255 0.498 1
1240 512 255 0.498 1
1241 512 255 0.498 1
1242 512 255 0.498 1
1243 512 255 0.498 1
1244 512 255 0.498 1
1245 512 255 0.498 1
1246 512 255 0.498 1
1247 512 255 0.498 1
1248 512 255 0.498 1
1249 512 255 0.498 1
1250 512 255 0.498 1
1251 512 255 0.498 1
1252 512 255 0.498 1
1253 512 255 0.498 1
1254 512 255 0.498 1
1255 512 255 0.498 1
1256 512 255 0.498 1
1257 512 255 0.498 1
1258 512 255 0.498 1
1259 512 255 0.498 1
1260 512 255 0.498 1
1261 512 255 0.498 1
1262 512 255 0.498 1
1263 512 255 0.498 1
1264 512 255 0.498 1
1265 512 255 0.498 1
1266 512 255 0.498 1
1267 512 255 0.498 1
1268 512 255 0.498 1
1269 512 255 0.498 1
1270 512 255 0.498 1
1271 512 255 0.498 1
1272 512 10 0.020 0
